Name:  right_hepatic_vein
Label: 151
    count: 1357
    min: 1036
    max: 1095
    median: 1151.98
    mean: 1065.42
    sigma: 9.99379
    variance: 99.8757
    sum: 1.44578e+06
    region: index(47, 110, 14) size(55, 24, 36)
    bounding box: (47, 101) (110, 133) (14, 49) 
